1111010001001111100011011101101001000111100111110000000111001100001110111110010010011001001011001110
1100110000111011001111010010101100111110111111011011010100001011101010000111100101101101110111011001
1001010111001110000110011011010000111101100001000100100110000001011110100000111101110000001011101001
0000011000010000010011110101001010001000010101111100001110110010101100100111001010011100011011001100
1010010011111100010100111000000011010100011110000000101110111111101110101110100100100000110111100011
1001000000000011000010111011010101001110110101100101100101111010001010100000001101010001001010100001
0111101110000111110110110011100000101000111001010001000101101111001100110000001110001110101101000001
0100101001110110000100010011111010110011011100100110001000101011001101011101100011011101001101000000
1000000110010011110001101001110110101111110110001101100100101001100100010010001010000000011101101101
0000001001011111110010001110011010101000101101010111101100100110110001001001011001111011101110001001
1101111110111110111010010110101101001100000010000010011111011000100111001010010100011101011000011110
0100111111011101100100110110110110100001111100001101100000001110011000110011101010111010000110101101
0001011100111011101100101000011101001011111011000000111100101111010000011011111001111010011100011110
1011100110101011000110011110011001011111100110101011001001101000100110011011001000000010100100000010
1101111000111111110100111010000001000000110010011011011001110100100111110011101010110101011110110010
1110011110001101011001011101111001010001111110100010011101000011000000010001100110010000011101010100
1010011000001000001000011000001110111100110100011011110011000001000110100001001001101011111111001101
1000101100001001001010100011011100000101110100110111000111101110110000101110110000000101011100101110
1000011110111111101111010101101010010111011011100111010001110100110100000011010111010100000010110010
1100001000011001001101101011000011011001110001110011001100011011011110010010011000111011011001010011
0000001101001100111100101101011011111111000010000001000101010010001011001100000010110011100100001110
1100111110101101101011111110010110000001011000011101110111000010101111101000010111101111110000010111
0101111001011001101110000111000111000110001011001010100100101111000011010101010100100101011101110100
0011011000000111000101100011011011111110001110010110100010010001111000010000001001100110100001100110
1111001100100101110101100010111101101101111110010100110010100011100111101011110000010001011010101110
0001101001010101111110011011110000111101110111101000001100001100010010101100101100001100001010001010
1000101101101011101000111100100000001000000001000111010011100100110111011100100001110101000000010000
1010110010110000100011100111101110110101001001001010001010110101011111111011111110011111101100110100
1101010010101110111100111101111100011011011110000110000110001101001010111010001101000110100010100011
0000001101010111010000111100010101010110111000110000000011110001000010000100101011111011010110110010
1000011110100101010110001000011110101001011011001100010001001011111111011000001001011010110011000011
0101001010011000101001001000000001111000010111110010000110001110001111001010110001101110101000011111
0100011111110000110100111011101101001110101100101101010100100011011101111011000010000111111110111011
1010001111011101011110100100101111110010101100000110100110000101100010000101101010001110101001001001
0111110001001100100100011100110100111110111101101100000111100010111000010100110101010110011001011011
0100100101011001110111111111101011101011101101110010100101001100010110101100110101101101111010101100
1000110100100111110100011000001111101011010010101101001100000110111110001001000101111011110011110110
1111100100101101001100000100101011101110101110101101101010110111011110011101100100010100010011011110
0010010000000011001101000011000101001001111010011111110101011010110010101011100110000100100111010100
0110100111011010101011010000110000111110011100110111110100011010100110001110000101110111010101000001
1101110010101101000111100111100001001010010110001110011001010110001101111100111000101111000000101111
1001010000001101000111010000010111101000000001111100111000100101011111101000101001000000001010110000
1100111011001100111011101011110011110010111100100100110010010101101010000001110011010100110001101011
1010100000100001011010101001001101111001001001110000100011000000011110100010011111010000011110001111
0111111001011011110111110101011010001000010101000001011000111110010100110011010010011001111000111010
1001101100110111110110101110111110010111010000000100101100000011111010000100000011101100001100000100
0010111100100011101101100110110111010000011011111010100110011110000111110000100000011110111110100110
0110000010001100010100100111011011111110100000011100001000100001111000010110101000011001101101111001
1100101001001100000111101101010100011000001110110001100111111100000100101111001111111110001001111010
1110101111101111110110111001100000101010000011110110001001101011111100111101101110000101100011011101
0001110111110101101110110100011110100110010110101001110101010000010001100100101010010011110011001100
0010101000101110011101100111010000000011010110001010110001011011000010111101000101000110111011101010
1100001111110100001010111101010000100000000000101110101011101000000111101000000111101111101000000011
1000001001011001100010111010011001101110000111110011001000100011111010010001010001100001110110100010
1000000011101101101101110101101010110100101101000100001010101011111011010011110100100100000111111101
0001100000111110111110001101010011001010011010101111010110001010000001010111100110000101011001110001
0111010111011001010000011100101001110000101111000110100100111101001111001011000100111010111110000011
1010000101000001111110101011100100101101110110000011101010000011011100111110010000001110001101000001
1010101110011011100001000101010101010110001110100011001111000011001000011101110100000011000001011110
1011100100001101000001010101101111000111100001011100011110001011111001111011110110010100010000100101
0011110010101111010001000000001111010011010111100001100110101100111111010110101010001011011011100000
1110011000101101110011010000110000000011000100111100010010100001011101111111100111011011101110010001
1110010110110001111100110100001100001001011101001101010100100001111101010110000111000000100110000011
0011011100001011011010011100110010100000001110100000011001100000010001001100001010000111111001101110
0101100100011111010011010100001011110110101110011111001101100001001011110100100101000111000010111110
1011001011101011101100100110010100001111010101001110101110011001000110110001000111100100011111101101
1001101011110010100101101111101011010001111001110011110111101010101011001000111011001000101001111011
0110011101100000010111100101000001110011101101011010110011011101011001000110010110010000110100100101
1110010100000100110110011011011101111110011000110010011101011010110001111100011011110101001000011111
1000111001101111111111100000000100010010010101001111101100000001010010101100001010111011011100011111
0010110001011011001000110101100001000011001110100000001000101110101010111011001010111000100111011101
1011101101100111010010101111100001000000001111011000010001001101000010001111011101011101001010011000
0110011010110111010101010000100010101011110110010010011111101110110001101101101111000101000100000001
1010110100111111100111000110001000111011111011011101000111100111100010101110100110111101110100010111
0000001011011011100010111010000000000110010010011011011110100101111010111011011110000110011101010101
0011010000111111111011110000000000101111101011101111011011111111111001110010011110110100101110111011
1011101010110010101100101000001011110111011010111000100011101011110001111100000010010101100000111010
1010001010111101100111101100110101111110001111111110001011111111111110101100011001101110001001100110
1010110011011110001011011010000111110001101000101011010001011010100100100010110001011000110001110010
1001001011100001101100111100001101101110010011110010011101011100000010010000111010101001010001011011
1001011010100101100111111110110110001001000110011111110111110110111000010001100000101010010011001110
1001101100100001100100110110011001000111011011001011011110010011100011100011001000000010110111000001
0111110111111110011011010111000111100101011100001101111101011000110101011000101100011011100111111110
0001110000011110011110000000110111010101110100100011100110011001010101110001111110111010101011110110
1011111101101011100011010001101010111111011111001111001000001100101011010101000000011001111000110001
0011011100111100101001011011101001100001100100001011000100000101110000011000101101011010111010010110
1000111001010000100010111001001101011111001010011000100000010111001010100001001111101010000000100010
0110100011101001101100100010111101110101001011100100000100010001001000000100001100011101011001001001
0011110011101000110000100100001010000011001000110000010100011001001110011000110010010110011001011111
0001000000100110001111011100011101010001000100010100110100010011111111111010111100010011101110100011
1110001011110001101101101100110010101101111110100001101110110010000100011011011100010001111100100111
0000110010101011000100011001100010000111010011100000011111111111111101000111100011101110001011101001
1000100111001010010110000110111100011010100000001010101111101111100100100011101001010011110001111000
1110111100100000010011100001001010001010111011011111010001010101000111011100110001101000111100010101
0000110010010101110101010111110110001110111111000001110000110011100010010110110100000000100011001010
1101010000101110100001010010100110111001100101011001001001101110010000010001000110010011000011101100
1000111010000100100100110110001110101111100000010101011110101100010110110001011100111001110111010100
1100111001000010111011110111011111001001000101000111010000000010100111111110001101011010011101011001
0011100100110010101101101100101111100010100011111011011100111001101100110100110011001110011011111000
0110101101111000100111001011001010110000010000111101110110110001110110110001001011000000000111100100
